100 10 72 30 46 34 40 59 62 91 21 99 39 16 88 48 15 6 17 74 33 97 14 44 77 23 56 68 32 31 98 1 52 45 60 82 25 43 81 9 69 89 95 26 35 93 19 86 20 13 76 83 42 73 79 36 61 2 38 90 57 28 22 53 51 27 70 87 12 96 5 78 65 50 85 29 66 54 84 94 8 71 64 7 75 47 3 58 80 24
0 25 99
29 29 29
0 25 0
48 48 0
0 25 0
51 51 0
0 25 0
79 79 0
0 0 0
28 0 0
0 25 0
88 88 0
0 25 0
24 24 0
0 0 0
97 0 0
0 25 99
58 58 58
0 0 0
39 0 0
29 29 29
0 25 99
0 25 0
43 43 0
0 0 0
27 0 0
0 0 0
0 0 0
0 0 99
35 0 35
0 0 0
0 0 0
0 25 99
0 3 3
0 0 0
89 0 0
28 0 0
0 0 0
0 0 99
50 0 50
0 0 0
33 0 0
0 25 0
0 20 0
0 25 0
73 73 0
58 58 58
0 25 99
0 0 0
16 0 0
0 25 99
58 58 58
50 0 50
84 0 99
84 25 0
38 38 0
84 0 0
95 0 0
84 0 0
80 0 0
84 0 0
2 0 0
84 0 0
17 0 0
84 0 0
60 0 0
48 48 0
84 25 0
84 0 0
59 0 0
84 25 0
84 84 0
17 0 0
84 0 0
84 25 99
29 29 29
59 0 0
84 0 0
58 58 58
84 25 99
29 29 29
84 25 99
0 0 0
0 0 0
3 3 3
84 25 99
100 10 72 30 46 34 40 59 62 91 21 99 48 15 6 17 74 14 44 77 23 56 68 32 31 98 1 52 45 82 25 81 9 69 26 93 19 86 13 76 83 42 36 61 90 57 28 22 53 70 87 12 96 5 78 65 50 85 29 66 54 94 8 71 64 7 75 47 3 58
0 25 0
0 94 0
35 35 35
84 25 99
84 25 99
58 58 58
84 0 0
40 0 0
0 0 0
0 0 0
84 25 0
57 57 0
0 0 0
0 0 0
24 24 0
84 25 0
84 0 0
26 0 0
84 0 0
65 0 0
84 0 0
9 0 0
84 25 0
42 42 0
84 0 0
8 0 0
84 25 0
12 12 0
84 0 0
59 0 0
51 51 0
84 25 0
58 58 58
84 25 99
84 0 0
77 0 0
84 25 0
64 64 0
84 0 0
82 0 0
26 0 0
84 0 0
84 0 99
50 0 50
40 0 0
84 0 0
84 25 0
51 51 0
0 0 0
0 0 0
84 25 99
3 3 3
84 25 99
29 29 29
84 0 0
91 0 0
84 0 0
40 0 0
84 25 0
90 90 0
8 0 0
84 0 0
84 0 0
30 0 0
84 25 0
34 34 0
84 25 0
47 47 0
3 3 3
84 25 99
29 29 29
84 25 99
77 0 0
84 0 0
84 25 0
52 52 0
27 0 0
84 0 0
84 25 0
36 36 0
84 25 0
66 66 0
65 0 0
84 0 0
84 0 0
65 0 0
84 0 0
6 0 0
84 25 0
24 24 0
84 0 0
68 0 0
20 20 0
84 25 0
84 0 0
61 0 0
84 25 0
71 71 0
0 0 0
0 0 0
84 25 0
19 19 0
0 0 0
0 0 0
0 25 0
0 83 0
50 0 50
84 0 99
100 10 72 46 62 21 99 48 15 17 74 14 44 77 23 56 32 31 98 1 45 25 81 69 26 35 93 86 20 13 76 28 22 53 27 70 87 96 5 78 50 85 29 54 8 7 75 3 58
