10 30 46 34 21 16 48 15 33 14 44 23 32 31 1 25 9 26 35 19 20 13 42 36 2 38 28 22 12 50 29 8 47 3 24
27 42 0
22 22 0
50 0 47
35 0 35
39 24 0
19 19 0
40 5 33
34 34 34
0 0 0
0 0 0
34 34 34
40 5 33
40 0 0
30 0 0
0 0 0
0 0 0
40 0 0
26 0 0
5 5 33
34 34 34
6 0 0
15 0 0
20 0 2
50 0 50
3 25 2
29 29 29
0 25 0
0 32 0
35 35 35
3 25 2
18 18 0
20 25 0
20 25 0
42 42 0
29 29 29
20 25 2
20 0 0
27 0 0
22 22 0
20 35 0
20 0 0
16 0 0
34 34 34
20 18 33
20 0 0
28 0 0
20 18 0
44 44 0
0 35 33
0 3 3
17 0 0
20 0 0
0 35 0
0 20 0
20 25 0
5 5 0
20 0 0
21 0 0
20 25 2
34 34 34
3 25 2
47 47 47
3 9 0
38 38 0
11 0 0
6 0 0
44 44 0
11 9 0
7 7 0
3 25 0
50 0 50
3 0 2
3 25 2
29 29 29
3 0 2
50 0 50
34 34 34
3 25 2
3 25 2
34 34 34
29 29 29
3 25 2
28 0 0
3 0 0
3 0 0
17 0 0
50 0 50
3 0 2
0 3 3
0 25 2
3 25 0
22 22 0
3 0 0
1 0 0
17 0 0
3 0 0
0 25 2
0 3 3
26 0 0
3 0 0
10 18 46 40 39 48 17 33 14 44 23 31 25 9 26 35 20 13 36 2 28 12 50 29 8 7 24
3 9 2
29 29 29
20 20 0
3 9 0
3 9 0
20 20 0
0 0 0
0 0 0
29 29 29
3 9 2
3 9 2
29 29 29
30 0 0
3 0 0
3 0 0
40 0 0
47 47 47
3 9 2
29 29 29
20 25 2
20 0 0
23 0 0
0 3 3
0 25 33
1 0 0
20 0 0
0 20 0
0 25 0
10 30 18 46 39 48 17 33 14 44 31 1 25 9 26 35 20 13 36 2 28 12 50 29 8 7 47 3 24
20 0 33
50 0 50
27 0 0
20 0 0
20 0 0
9 0 0
6 0 0
20 0 0
20 0 0
6 0 0
20 25 0
36 36 0
20 0 2
33 0 33
50 0 50
20 0 2
34 34 34
20 25 47
0 0 0
0 0 0
20 25 47
35 35 35
19 19 0
20 25 0
0 0 0
0 0 0
20 25 0
48 48 0
38 38 0
20 25 0
36 36 0
20 7 0
22 22 0
20 35 0
0 35 2
0 3 3
20 7 0
18 18 0
20 7 0
22 22 0
20 25 0
20 20 0
20 25 2
34 34 34
20 0 0
8 0 0
45 45 0
20 25 0
0 3 3
0 25 2
20 0 0
1 0 0
20 25 0
36 36 0
33 0 33
20 0 2
22 22 0
20 25 0
42 42 0
20 7 0
20 0 0
13 0 0
20 0 2
50 0 50
10 30 46 39 17 33 14 44 31 45 25 26 35 19 20 42 2 38 28 22 27 12 29 7 47 3 24
