10 30 46 34 21 16 48 15 33 14 44 23 32 31 1 25 9 26 35 19 20 13 42 36 2 38 28 22 12 50 29 8 47 3 24
0 42 0
22 22 0
0 0 47
35 0 35
0 24 0
19 19 0
0 24 33
34 34 34
0 0 0
0 0 0
34 34 34
0 24 33
0 0 0
30 0 0
0 0 0
0 0 0
0 0 0
26 0 0
0 24 33
34 34 34
0 0 0
15 0 0
0 0 33
0 0 50
0 24 33
29 29 29
0 24 0
0 32 0
35 0 35
0 0 33
18 0 0
0 0 0
0 24 0
42 42 0
29 29 29
0 24 33
0 0 0
0 0 0
22 22 0
0 24 0
39 0 0
16 0 0
34 34 34
18 24 33
40 0 0
28 0 0
5 24 0
44 44 0
0 24 33
0 3 3
17 0 0
5 0 0
0 24 0
0 20 0
0 0 0
0 0 0
6 0 0
21 0 0
6 24 33
34 34 34
6 24 33
47 47 47
6 24 0
38 38 0
6 0 0
6 0 0
44 44 0
6 24 0
7 0 0
6 0 0
50 0 50
6 0 33
6 24 33
29 29 29
6 0 33
50 0 50
34 34 34
6 24 33
6 24 33
34 34 34
29 29 29
6 24 33
28 0 0
6 0 0
6 0 0
17 0 0
50 0 50
6 0 33
0 3 3
0 24 33
6 24 0
22 22 0
6 0 0
1 0 0
17 0 0
6 0 0
0 18 33
0 3 3
26 0 0
6 0 0
10 18 46 40 39 48 17 33 14 44 23 31 25 9 26 35 13 36 2 28 12 50 29 8 7 24
6 18 33
29 29 29
0 20 0
0 18 0
0 18 0
0 20 0
0 0 0
0 0 0
29 29 29
6 18 33
6 18 33
29 29 29
30 0 0
6 0 0
6 0 0
40 0 0
47 47 47
6 18 33
29 29 29
6 18 33
6 0 0
23 0 0
0 3 3
0 24 33
1 0 0
6 0 0
0 20 0
0 24 0
10 30 46 39 48 17 33 14 44 31 1 25 9 26 35 20 13 36 2 28 12 50 29 8 7 47 3 24
6 0 33
50 0 50
27 0 0
6 0 0
6 0 0
9 0 0
0 0 0
0 0 0
6 0 0
6 0 0
6 24 0
36 36 0
6 0 33
33 0 33
50 0 50
6 0 33
34 34 34
6 24 47
0 0 0
0 0 0
6 0 33
35 0 35
19 19 0
6 24 0
0 0 0
0 0 0
6 24 0
48 48 0
38 38 0
6 24 0
36 36 0
6 24 0
22 22 0
17 24 0
0 24 33
0 3 3
0 0 0
0 0 0
6 24 0
22 22 0
0 24 0
0 20 0
6 24 33
34 34 34
6 0 0
8 0 0
45 0 0
6 0 0
0 3 3
0 24 33
6 0 0
1 0 0
6 24 0
36 36 0
33 0 0
6 0 0
22 22 0
6 24 0
42 42 0
6 24 0
6 0 0
13 0 0
6 0 33
50 0 50
10 30 46 39 6 33 14 44 31 45 25 26 19 42 2 38 28 22 27 12 29 7 47 3 24
